XRes=1440
YRes=810
MSAA=2
Fullscreen=false
FontModRaw=604
FontModPercent=0.11141060197664
LineModifier=3
AudioRaw=766.38360175695
AudioPercent=0.69499946723073
DarkMode=false
ReducedFlicker=false
FontSelected=Exo2
