XRes=1440
YRes=810
MSAA=2
Fullscreen=false
FontModRaw=714
FontModPercent=0.50673854447439
LineModifier=3
AudioRaw=766.38360175695
AudioPercent=0.69499946723073
DarkMode=false
ReducedFlicker=false
FontSelected=Stylized
