XRes=1440
YRes=810
MSAA=2
Fullscreen=false
FontModRaw=709
FontModPercent=0.48876909254268
LineModifier=3
AudioRaw=766.38360175695
AudioPercent=0.69499946723073
DarkMode=true
ReducedFlicker=false
FontSelected=Stylized
